1445
7200.5676 6567.9046
4775.6787 1839.7507
1547.3941 6041.7965
5746.6082 9971.8475
2899.7669 9033.2157
61.4178 2180.3181
1746.2236 2122.9952
49.2179 4381.9623
7710.6672 5903.8244
7116.4016 8899.1264
3365.3686 6003.4882
3054.0981 8203.8746
6824.7607 4924.4990
7032.7056 4716.1342
8175.2654 6906.2374
7581.8953 6894.1535
4923.3407 6345.7952
8512.6973 966.9470
3333.3914 2706.2934
3958.9730 5832.2214
5779.1411 1296.5245
498.7835 5879.6140
9046.5131 9823.3465
3661.8689 2797.8947
4903.0224 5198.3380
2037.6549 2786.1164
2188.1364 3722.7953
4668.9045 12.5237
9181.0114 480.2361
6449.3400 651.3610
6066.4667 533.1507
1839.2605 4376.5436
9947.0121 5350.8176
9371.3814 1802.4917
9038.1963 2787.5839
8139.8326 7036.2479
8436.4971 7886.0808
2748.4461 4241.3299
7163.4285 4797.4332
5040.1753 5912.6002
5066.4925 7190.5889
9337.6837 8422.7581
8597.0527 5665.4812
2895.8513 7324.8923
6487.1704 5889.8112
4800.1434 881.8572
9911.8809 446.8142
4640.4952 5342.0648
6850.3592 711.4559
6948.5637 9592.6135
7048.8607 2465.0788
8606.9064 9994.5015
2240.2866 413.6014
4221.8456 8441.0027
6089.6753 2291.9444
8797.4823 7979.1081
9711.8652 2817.4445
7956.5249 695.2681
1547.0439 1397.5879
3424.3052 1990.4927
4881.8347 5202.4750
5525.5516 3856.2040
2368.0354 980.0110
5039.1952 7311.0541
4518.0749 4821.8873
3914.6927 770.2551
8345.7050 8981.0021
8074.0402 6792.7959
3072.3973 8796.0466
5806.8706 4388.2458
2134.3719 796.5572
2111.7183 7863.6758
4602.1333 5141.8184
2744.7456 6052.5539
4563.8449 1689.5720
1707.9229 7691.3039
4025.8265 9195.5740
2441.8619 9695.5369
3447.9104 1412.6138
6084.2032 5136.8024
4158.3461 2187.6859
9812.6611 6832.0268
8582.3976 4048.5933
4512.5332 631.6379
7470.7296 1226.3250
3791.6849 9728.7044
8128.1299 8577.1413
5711.7225 7610.2411
4020.0723 2448.3716
4512.2713 2633.1669
4074.0763 8174.5069
2075.9786 1631.2238
9494.7697 1595.2542
7915.0627 3445.4979
6976.0170 8754.7888
2055.9368 5820.0084
9820.4312 8771.5263
7356.6340 715.1592
2666.0321 9760.3114
6512.4673 3765.6805
1271.7758 6643.9955
4288.5577 3346.0069
6128.1301 2708.9604
7363.5731 3504.8766
7535.8192 3839.2170
2577.2137 2892.2549
235.3246 5506.2875
9344.6930 8725.5226
7671.6691 7797.1635
3534.6605 828.1900
9543.4760 3030.1985
8202.7170 5823.2313
1412.2402 3838.8855
1230.8768 5674.4564
1837.2062 6996.0371
1144.0337 7943.1744
753.1982 9705.9708
157.6900 7363.7184
2623.2018 609.8764
7856.9156 9640.2416
9274.4498 7329.6216
9814.6988 8728.5167
266.2181 6017.8317
2928.5607 8290.2963
3139.4888 6087.1553
3287.5078 6494.1292
1963.0953 5059.2052
2977.0955 885.3439
217.9102 4303.7468
9388.5834 6659.2494
3250.0992 6331.2767
4318.8623 7345.4237
6276.4064 8257.2211
431.0435 1647.2940
6238.9011 4073.5525
9491.2910 3980.0363
9683.5580 443.7111
205.6953 9111.1537
4276.5067 6879.2848
3451.6789 3231.9194
8573.7294 1361.9916
9231.6325 4774.1980
3224.4478 6742.0736
2772.1846 8335.9866
6915.3851 1574.3028
6850.7043 4190.3488
2052.5503 1445.3649
3651.3499 4026.2370
8429.1366 3301.4757
2236.1685 806.0322
7942.5881 5802.6558
7062.4631 6923.4536
9800.8326 3310.1710
8885.8428 206.8238
3597.1386 9756.2217
1859.0752 1736.4982
7135.0064 1350.0459
9670.0650 2931.5986
6948.9507 3842.1744
9157.9826 1910.0190
2093.9939 898.6588
2004.7751 736.9979
5966.1372 5029.6680
3819.9870 5851.3813
6668.0287 1471.9282
5220.0324 3695.0273
3748.5058 8442.0612
1348.7480 2369.6335
8021.6359 4257.9516
4694.2796 8006.5945
1610.3400 2967.8505
1028.0359 1459.3237
7361.6290 5332.0065
9824.6661 6913.8059
344.9422 1269.1868
8617.7044 9061.9745
9272.0274 3210.5356
5403.7437 9593.8267
2366.2532 7195.7869
4428.6878 6938.0349
461.2051 1.9375
8472.8471 5417.1231
9922.8578 6112.0535
5097.3412 1282.1160
9366.5829 7911.9699
5222.4709 3452.8961
7079.6917 6145.2159
9879.4342 6214.3249
562.1769 5361.5795
5009.9560 9604.5212
5662.7609 862.3024
4784.1084 780.5124
414.3178 9474.9719
1064.7997 6257.8038
7862.1868 6383.7602
368.1158 594.2412
2930.8483 4195.7327
9951.8981 1824.8658
688.8868 8441.5314
1510.6459 7753.2931
7249.1174 5788.8131
4363.0370 66.4739
9980.2082 7389.4013
9989.0575 5163.5222
708.0802 9986.1924
6306.9422 1575.6239
4149.8231 1673.4278
3175.8250 3902.8712
3949.8164 7534.0291
268.2015 2305.1902
377.1979 2770.2676
4677.0149 4758.3607
6995.7793 7399.1150
8405.3715 6522.4572
8431.9521 7101.2104
5232.6017 7568.8634
7743.0921 9392.4418
2358.5816 4073.3430
9828.4158 2929.7334
4698.9365 4506.4802
6826.1959 467.6963
8736.9470 4339.1263
2505.7010 2750.3877
8433.6842 5929.3228
5289.1709 1452.4933
7856.1047 1768.4924
3728.5982 4176.8326
3903.5352 9938.5248
4014.0362 3470.1617
7796.1832 367.7081
6404.6086 4836.8255
5835.0115 9272.2846
6350.3452 5809.8932
8350.5194 7031.7398
6512.4297 9281.9837
728.6738 1669.7604
7891.3868 9503.0698
1935.4363 6099.1256
1837.2014 8420.1288
4057.0448 2337.6239
9842.3050 3363.5783
1031.3906 13.4154
4707.8268 4478.0265
5966.5622 9652.0891
4925.4513 1749.9286
4225.8061 3473.9907
3931.6841 7002.3349
3803.8712 7729.2263
7268.2798 5806.9841
5427.9053 959.0760
3622.0338 7906.5731
2286.7697 1996.3756
219.0996 2445.1221
3325.8477 3.7576
9113.4427 6071.9216
4640.1212 6397.4703
8535.9953 7814.6295
656.4936 5115.8162
2660.5310 4509.6701
517.0449 3365.0862
3894.2299 4533.1532
5358.0991 9712.1920
4115.3581 5593.1230
9025.6966 192.0235
5157.4409 4424.0139
8176.2607 5958.8917
4278.7571 2366.7740
7681.9531 7935.2414
7357.9428 1023.1955
3793.4182 4897.1494
1120.9345 6440.5644
608.3128 1484.9499
5831.4498 8612.8262
5052.2303 1738.6559
1566.6422 5477.0383
1799.3232 1931.6787
4451.5283 7038.9591
2343.1343 3712.6679
4040.2392 5779.2033
1773.8521 4864.1300
9409.0938 4071.4678
2726.4034 347.8083
9465.9533 7986.9138
8434.5080 730.6306
2482.2651 9563.8692
5859.0122 8571.3728
918.6547 6389.5869
5454.5308 5896.9951
241.8865 8170.8853
6296.6267 7508.9543
4620.4548 4863.0620
4012.4570 5533.6130
8138.0321 9881.5569
4241.0263 367.1947
7478.4440 4938.4212
6194.8783 1964.5710
912.8032 125.7199
9303.2751 3282.4812
8858.8779 4010.5784
887.6018 4611.6261
3284.7333 3711.6620
4352.9507 3518.3978
6793.1279 4194.4520
5475.5278 165.8371
7350.1106 9352.7646
9023.7466 1894.7417
1310.7053 4836.5320
9171.5539 4119.6708
5646.5339 4040.9491
4945.7588 6830.9233
94.6747 4189.6583
6294.8213 7292.3960
1324.0101 9024.7370
7274.7692 9886.5542
4154.7667 8258.8146
318.6141 3481.5734
9368.9103 1649.7357
9588.8380 5182.0443
3713.5033 7325.7598
2008.2249 6873.4577
5326.0934 9819.3646
1722.5202 7582.0129
7000.6486 3160.3025
7469.0969 345.1249
464.5116 8333.6327
2609.0144 7024.3322
7151.2974 2426.0343
4425.5591 8291.1333
4831.6104 8863.7804
2700.5591 8877.6116
4902.9139 4288.3333
7550.4638 107.5341
2141.8338 7820.5981
3037.3910 2709.9372
7286.6333 2732.4506
6166.0397 2966.0439
2944.5499 8874.2336
535.5717 4351.6797
5008.1374 6599.4926
136.2730 5011.1897
5016.7070 9383.3021
1564.0007 8635.1803
3713.4201 2848.1108
2271.1313 2613.2411
2425.5332 2491.1103
8380.9269 2694.1310
6834.7505 1049.7136
8062.9380 7809.7392
7206.5939 9146.8061
5500.2669 2205.4581
212.1513 9625.0081
6075.2151 4568.4394
102.5180 6809.2692
5558.0473 5456.5245
1185.7005 6829.6908
4804.3018 5004.4758
9307.7031 4091.5526
6749.2811 2620.4604
7353.9711 1997.0944
4334.0665 9184.5624
8664.3184 3103.6879
6405.5905 122.4377
2693.9216 5045.6046
3604.0203 4651.0421
9254.9115 3751.6688
7783.8909 2479.6990
1237.5500 4758.6622
6611.1473 4298.5993
836.9347 6750.4224
9636.4442 6498.1531
1000.6195 8845.1585
3365.7622 3736.4428
2064.5028 4608.5828
632.6004 5208.3515
3358.7767 1288.0391
3921.7099 1768.7770
942.6956 2342.8793
3202.5327 1423.6567
5566.3660 4988.9295
6301.2177 126.3718
9459.7158 2179.9510
3873.2846 3303.4152
6613.2590 216.5925
1634.7135 1082.0419
8842.2157 9003.4001
9667.4377 6803.9483
9115.0088 1867.0313
2335.9221 4082.8518
4379.1068 5803.8989
2634.7143 2400.1737
2431.6400 1043.0504
1632.5530 5031.8556
1259.1617 890.1583
7086.8287 5960.6664
4710.3925 8961.0882
5272.8905 4352.1857
5367.7237 1118.5754
6605.8950 6158.9783
4047.7241 3693.1311
8728.6005 2466.3028
5487.8339 7899.3688
396.7096 3304.0226
1465.8918 2751.5240
5714.0656 3823.2200
5851.0921 5237.0168
1053.2171 6972.3391
899.4183 7024.4881
6342.5598 3106.5117
483.5590 1562.8095
8309.4741 2325.0516
3886.7591 4070.1606
5739.5786 9755.9229
3292.0161 9617.3270
5845.4208 7492.3300
9162.4838 1276.9659
6433.6324 9435.3873
335.8957 1140.6568
717.7767 6908.1709
9845.2810 1898.1325
344.8212 3580.2723
3230.1893 5628.1658
7486.3699 7978.3065
3417.1014 9468.1689
8691.4966 656.6561
5124.6531 4909.6315
1606.2138 964.0561
2188.7515 8609.1098
635.3310 5265.4577
3204.6185 7809.5549
9155.6424 4464.9346
4447.2488 2734.3437
3985.0991 3724.2244
4158.7209 1646.4589
2470.8190 1382.8250
8980.2543 1657.8377
3779.4899 7259.3949
1558.8614 9828.9913
3756.9292 2750.5338
8172.8904 4616.5708
7069.2591 6441.8487
6597.7122 7306.6400
1246.3697 9307.5372
7372.2600 6713.9853
4719.0336 2998.5522
6129.0762 8132.8767
4974.2488 3205.7320
714.9795 9292.2734
3549.0843 7633.1186
4456.4198 1898.5375
1741.5071 4728.0051
6113.0344 7241.3085
4637.3744 4988.0893
7814.8822 8293.2580
1335.9734 1402.4320
4593.2746 8752.0343
6102.2005 9381.7525
2992.0835 1552.7710
8581.6683 9394.9173
1685.8593 5522.1255
1185.7368 7452.3096
4033.0351 9049.8807
8286.6663 9563.0916
1056.9645 3921.7289
4958.7932 6342.2044
3474.4716 786.9276
2659.8309 3054.2742
3081.0662 127.1039
5467.1052 8555.4240
7053.9133 9047.5539
3266.7333 3830.3166
3548.1106 4729.9674
7639.4608 7120.5862
3338.7731 9965.5836
2095.0697 8002.1376
200.8841 4830.3614
777.9838 7192.6274
2220.8181 1268.8294
8799.8863 2356.7646
7297.8978 4120.8526
2950.8817 2725.8988
8721.3033 2955.6387
3698.9276 6959.6907
897.0957 3969.8779
8107.9703 9351.4884
1052.0838 161.9919
8588.4186 9215.3628
55.7004 1012.0476
4239.2931 7091.5783
4378.0224 9976.9636
9949.5955 9268.6117
1641.5103 9253.2201
3397.1396 9043.6506
4226.0036 6464.3624
1616.2938 9129.8375
8950.9585 7198.1581
6901.7829 4667.3542
5985.8659 648.3586
6473.9095 406.7610
6829.2469 3008.5809
1551.2432 8806.8462
9448.5662 4720.9140
9260.0462 8025.5569
8487.8688 3199.4256
5155.3935 81.4188
9826.8876 2228.8263
5037.1563 9824.1782
1714.8306 2881.1272
2214.7179 4777.2242
9204.0044 8498.1999
407.4949 4400.6854
4672.8871 8055.7336
3064.0373 4872.9116
4855.2150 8054.1560
7040.6931 2099.3938
3981.1013 2974.6644
2301.5102 1331.9879
3388.1573 8293.5943
9584.2686 6517.6507
275.0424 8065.9277
4823.2277 6294.7135
2146.8173 1168.8201
2527.3805 6416.0535
8940.9341 6438.6099
283.7100 302.3476
1824.6447 7139.8456
3088.1455 414.9244
6219.0652 9472.4452
9302.6189 3186.5548
6732.0868 8153.1840
9694.8259 9359.8525
3371.7748 4500.2824
7237.9992 9756.7842
1663.8540 8904.9420
8131.2025 3739.1137
4111.3271 91.2600
3846.3606 3918.4362
6811.2304 8146.0285
9916.4423 6035.7857
2982.9839 6942.5005
9649.9122 7354.6264
4664.7391 4287.2896
9989.7795 397.3660
4898.5927 4887.1390
2331.2644 1404.3615
5352.4772 2062.3832
3270.3157 4505.7082
8515.9970 9026.4964
8975.9077 3269.9393
9359.4326 9506.2040
2162.2556 1030.0869
8659.5860 494.2106
2482.7831 186.3828
9073.0945 7006.6745
9575.8895 8546.2078
5477.2949 9860.1397
2963.2550 7685.7263
3100.6701 2687.7121
4534.6363 4303.9691
529.3662 3681.8458
7448.8015 588.9585
9803.2201 881.1846
9938.4577 3726.7929
2504.1882 7211.4767
3727.7309 7858.4432
8992.0267 2945.6691
4553.9560 4025.3354
7756.5188 8765.8531
6631.2411 4943.6236
3232.5041 2189.8233
3801.4722 1808.3896
3363.4126 3767.5792
7589.1304 9752.8256
2700.9664 7158.1858
6409.4899 7073.7931
2893.1574 8964.9834
775.4762 883.9732
39.5651 37.2130
6506.6633 8462.1532
7582.5383 9838.7073
1664.5895 9247.0266
4154.7049 9439.3701
3221.7801 7156.2016
8117.7386 6702.7500
6317.5632 6710.9568
4404.2581 9323.0852
2361.9705 9308.5922
4714.1908 7507.7848
2219.7202 7908.0694
9118.8819 8306.3796
7239.4755 9380.9520
5690.6902 7854.5590
3989.2816 3828.4876
4902.7556 6131.9899
8217.2883 9277.0030
7233.0847 1225.1873
9777.5585 8337.6117
5659.0498 6541.7879
3043.9802 652.5591
9542.8505 4940.1548
6680.9888 1249.3617
2785.4393 8318.3184
2548.0224 285.2201
7065.8698 9848.8407
5985.3244 4088.0216
484.9721 8751.2619
8761.9190 886.5669
2996.7205 4261.3740
1562.2859 7171.4915
2637.6073 6286.6366
5046.4604 2239.6762
753.7902 5129.6352
7238.9948 9148.7672
177.7353 1616.5536
285.4127 44.7647
7620.5296 1985.2164
1460.4968 2624.4516
422.9909 8967.3332
1720.9527 2355.7755
8248.1548 1642.1506
65.6887 2003.1184
2299.6736 1843.8025
3500.1653 5990.7185
8215.1127 4172.2253
496.9604 2186.3354
3910.0861 9987.5780
502.9081 7798.5805
338.6217 3160.6920
3263.8653 9255.1608
1387.1053 6807.1521
9521.3665 8165.6120
8933.5997 5750.1818
8981.1333 6770.9270
481.2958 9037.5945
2361.6005 6643.8100
9714.2938 480.6426
1801.3334 3827.1221
4825.8818 2887.6775
7937.4045 2084.4020
5533.9189 3433.1104
2562.5073 3485.1829
7324.8861 3432.2443
2926.7883 2159.1501
657.6275 5685.1238
7471.0754 2727.0118
3609.7509 6507.6259
3061.3915 9652.2849
8764.1109 7585.5984
640.3387 7557.0286
9009.7539 4867.9243
9619.1471 5405.8786
2371.1549 7856.9715
1304.8812 9386.5728
2981.5292 2859.9707
8190.5025 301.4778
3880.4564 8032.4281
9031.1887 1333.4652
7443.0077 6374.7755
9288.5141 1160.7996
937.0160 5236.0246
2744.7968 5569.5449
7957.0900 7333.2767
2873.1258 7948.3100
1298.4170 8813.5186
1894.2783 5348.9910
9210.3608 4464.2058
1359.9451 2158.4931
4909.3063 8821.7223
572.3848 7850.2427
8732.1628 4631.8782
8183.8273 8770.6273
3376.3865 6884.1843
7914.6541 6464.3331
5299.3366 1471.7241
1487.5840 6653.8758
9539.2341 2421.0204
595.7960 3662.4434
971.9443 591.3701
5006.1247 4805.5102
2332.2558 9760.7017
5744.1681 8075.4948
8205.2862 3095.0867
716.3456 4305.0744
4633.0929 4141.6129
5094.6558 1918.5892
5983.5233 1689.4106
323.0780 8367.3035
4292.7914 7111.1928
3700.2684 7393.1111
1420.2203 6127.7578
5151.4091 5376.6118
1043.0443 4330.4721
9022.7616 3199.3017
5771.1177 7251.8376
6515.6881 2285.9580
4475.8246 1291.8175
8722.6039 4792.1210
6304.4509 1387.6810
1135.5268 8262.9058
790.7150 4957.6974
7968.5929 4513.2075
7974.1227 9354.0963
8669.1125 965.6861
8505.2538 1828.2803
9587.4404 231.7493
1341.0475 6841.3634
934.1418 332.0798
5823.6041 5445.6783
2873.6338 3627.0788
5687.9743 5417.9802
4886.6891 7263.9283
4858.8602 8842.6492
9379.8896 1745.8029
8773.1057 5923.2731
3928.3218 7090.0867
404.3060 9943.5694
6508.5090 7966.2836
7167.8221 8503.6846
4611.7761 190.6333
3448.9344 425.4877
2223.9506 1003.2777
3623.8261 6050.5490
8315.5031 4665.1446
2132.5428 1047.0781
6706.9310 3085.5512
415.0171 297.1716
9957.4018 8427.8510
5335.7164 8953.2974
9270.3647 939.2800
99.4096 2333.0214
8318.0473 612.4855
6600.0110 4963.5648
1357.4604 5710.0480
7646.4102 1792.8493
5043.7292 4669.6360
8573.6491 1351.2749
8942.2802 456.2586
374.7610 1478.5480
1899.6117 8039.4161
678.0405 3122.4552
153.0789 6346.7668
4646.4652 6671.5614
8343.3301 5782.2654
5190.4420 8301.3816
6438.7332 1195.5508
762.0079 893.6598
3989.3311 8050.6920
9438.0650 5230.9654
8098.5743 6466.2287
2.1818 2373.8913
3034.2753 3784.7696
4298.9490 7395.7230
7495.9378 1379.2399
261.8317 7979.5215
213.8119 5514.2029
1704.9066 8775.1400
5775.7385 5254.4972
9220.8329 3868.7774
361.0348 2649.7725
6341.8589 5235.2447
1406.3908 1722.3260
6497.6099 4623.2026
6136.9402 3146.9717
9242.8708 9966.2015
1366.3774 935.5043
8730.5147 5117.4417
1003.1904 5924.6484
3469.1970 3473.7374
8295.7880 8415.2086
4032.3722 1884.2622
7007.5009 8921.4651
4574.6565 1132.2138
9433.1340 1663.6904
4763.5073 3232.6299
9451.9625 172.9880
1048.6409 3807.1562
5657.7538 8176.4821
68.5677 9876.6463
3014.6095 1792.2178
2433.0765 9555.0557
1458.1234 986.9562
2122.4496 333.1652
6394.5486 9236.3782
5308.6468 6908.2515
9146.3811 376.0436
2530.6465 7845.8967
5050.9581 742.7679
9845.5911 2752.7106
3139.3810 2879.9256
7829.3261 8093.8138
4106.2734 4316.4956
2114.3906 306.5138
2626.5870 1228.5133
5530.4529 9441.6735
5983.8699 2152.9057
9851.6546 5206.8649
3445.1218 1347.5236
4657.2665 9990.4634
9850.5531 4877.5095
1876.5200 213.4292
2482.2785 5056.9680
7215.4296 8185.5892
2434.1723 486.2344
3852.8743 1535.8215
425.8144 9598.8647
9545.1568 6240.6131
2286.6699 5368.8007
5592.7188 2293.0485
1182.3318 7626.9859
4999.6370 8134.3559
2062.8757 7298.0442
7595.9803 1112.7245
8784.0653 3791.4550
1895.0639 6439.1775
5885.3619 2767.9903
7022.0854 6377.8684
5104.3833 6551.0042
3177.5833 4738.2444
1365.6705 3563.4982
5788.6111 9129.0971
4202.3174 6345.7061
6752.4731 4889.6020
8352.2236 9944.2828
5992.3219 130.0259
1616.4341 3762.9908
7920.8676 894.8570
8975.2329 326.1304
347.9082 9103.6912
9428.3590 3829.7621
7869.3365 3630.2912
6058.9180 9842.1196
7839.7368 6647.8042
416.2664 5063.4255
4657.6355 3198.2108
9471.3454 2666.6576
7281.9260 1836.6509
7118.6482 4414.6383
5649.9352 8156.3496
2482.2045 5485.1483
3982.0599 1017.4510
4128.6726 1734.5968
2834.8471 3383.1358
2698.8284 1992.1021
7203.8518 5808.9862
4439.4471 9899.6727
4979.5536 836.6349
4650.7758 800.5004
8624.0702 810.3113
3160.4966 9226.2091
3063.3580 9964.9834
3593.2845 1645.2281
4479.0408 4027.3621
4425.7697 7308.2912
7935.9662 7026.1230
2599.9092 7263.3851
6596.0353 5525.2699
9813.4874 7911.3034
1645.8114 5074.6492
7514.6567 834.2906
4.8611 2314.1977
9098.1423 5054.0835
6383.7368 8873.5873
6833.9302 1361.9930
7324.9635 9976.5084
6654.9667 912.4903
7487.3448 1488.9071
6088.5970 1883.0957
2623.3532 4043.0790
9337.1763 8677.1922
9451.3307 1824.5892
8796.4883 7882.7142
9938.6702 6626.5738
4146.3071 3998.4947
6389.1073 4856.0562
8555.6489 5801.3747
4166.7006 6319.4847
6515.9534 1151.0144
891.0383 8819.7805
9348.6445 4015.6679
4502.6536 1864.7601
2529.2235 2551.0147
7724.5900 6116.8804
3628.2422 1175.4698
3135.5141 2606.8228
890.2227 2759.2164
1321.7133 7188.5198
254.7743 9280.5438
4389.7854 1230.8017
2969.8776 601.8915
8498.7705 9120.9201
6855.5003 1379.3330
2009.9278 6797.7806
1746.4127 5543.0598
354.3199 3237.8007
3676.2784 6272.7586
4782.8140 8583.8806
2960.7944 6940.5922
9790.0664 8438.0573
8495.8590 5105.8365
3193.5072 3730.9885
4307.4521 7319.0412
3600.2964 9536.4926
4673.1111 7229.9216
2309.6778 4216.9441
980.5907 3292.0054
575.1047 2365.4118
6897.4992 5218.3971
8589.9708 1152.9945
8396.4061 266.8434
9562.7291 9894.8935
1713.1166 1418.6156
811.6345 6916.3369
5411.5169 9564.5492
3936.3024 6129.5513
2386.5917 922.9116
7812.7248 8125.5513
3857.9238 9087.5997
1410.3385 7039.5960
189.1810 8341.4887
8244.1991 4966.7450
2714.8108 1168.5910
652.2589 284.0132
6663.3544 8260.0053
27.2072 4878.2166
7737.4988 3732.4705
8634.2793 7983.6659
3944.1955 1764.6593
9710.8980 1101.4518
9863.8652 3405.1817
5170.9619 9302.1387
2705.9207 3917.5939
4426.0485 9106.2664
8218.5418 1701.5327
3587.7519 2092.1318
9803.8327 9565.4327
1629.8330 6397.9064
6035.2046 7925.0998
8965.8057 5365.2202
182.0232 7363.7556
4337.0414 3713.9194
317.2655 4912.9811
7908.4269 6842.7894
117.1337 4400.3319
2033.0593 8118.6066
8557.2795 6258.2101
6274.4212 2345.9606
1368.4880 6299.9184
9963.9256 1002.8746
8335.3827 6142.6428
3823.6816 6282.3172
8304.9105 193.4395
1998.7750 6497.2906
8117.0682 5413.1331
7220.3194 4987.2457
2578.5406 434.3580
4759.9831 8306.1618
70.6169 33.8035
5338.6495 7177.7039
2415.9580 9445.0522
3216.3232 5470.4453
8224.4943 547.2298
3317.3470 8276.2276
6096.9274 8576.0092
434.4476 67.3042
7785.0241 3677.3471
4307.0824 7862.9898
1691.0812 6360.6485
6684.0082 2354.1234
3934.6553 9706.8947
356.9542 2013.7230
7622.8463 4048.5888
5591.7256 1364.7928
931.1291 1762.2070
6385.0243 4781.3198
1134.9323 800.1682
7539.7218 1466.0763
4827.8648 5638.1662
3678.2754 5578.9216
4220.6918 3425.0326
3003.4291 7881.8747
5635.8724 1296.1301
1867.2980 1722.3091
9095.6633 8047.6043
1024.3839 6693.1972
7247.5059 9667.6447
821.0223 7889.4085
7778.6129 3582.2429
513.2233 7321.6529
5942.3710 896.7548
6406.8055 6754.7219
2852.3865 9400.9091
4578.1939 8004.2769
795.6976 2653.7273
6561.1897 7556.4992
8974.8812 2076.1503
574.4845 7267.4992
1809.4909 9652.9978
6616.6388 1854.4609
7210.4538 8582.2104
1069.6976 6908.0741
4086.7740 8008.1522
5329.5725 8235.8854
6752.0747 5837.0870
3420.7710 4488.7789
8869.2325 556.7579
5555.0041 227.8720
1104.5429 8968.3406
8157.6622 5856.6953
4758.5761 1787.8567
6013.0980 4173.5956
8299.0712 3185.4726
8869.1075 691.8883
4941.9282 3504.9293
3092.9594 6330.3594
7209.5583 6641.6814
8785.7687 6594.2897
8741.5557 4857.1483
4138.9673 947.2660
4540.8557 4167.8132
1756.0808 9716.6056
8309.2528 2871.7280
6164.9637 3580.3130
9559.3456 4261.3159
7810.1118 2451.0549
3785.6910 2120.1866
6441.6120 6402.7266
6136.1404 4213.0116
6006.7484 1177.7528
2745.0461 4651.3313
3902.2380 4768.3505
4173.2169 754.4977
9759.5175 9582.5555
2245.2171 3823.7798
2812.4618 6785.8961
4982.7968 6108.9917
2336.3605 5552.1708
4303.9484 8170.8298
2648.9403 161.8702
7690.2888 1828.4299
2728.6682 2154.3557
8121.1667 3930.4913
632.5250 3069.9928
6231.0999 5299.6339
4584.8926 5711.0072
4867.8480 7373.4906
5861.1530 8304.9159
9011.6340 6302.3575
3404.0443 6471.9618
3361.7238 562.0616
6487.7816 2478.0565
5804.7855 3502.0241
9684.3924 9897.3163
7450.1416 6672.3351
3888.6803 4513.3563
8950.2438 3259.9722
8222.6755 9056.0794
8420.3906 3513.1398
267.3894 200.7821
8429.9199 5644.0145
6259.1386 1148.9720
8257.8068 6374.0272
8639.6624 2065.3751
2888.8053 5022.1301
5663.7068 3663.1819
2071.9668 3835.3305
6644.7011 6309.6674
1171.5821 5122.0969
6858.6109 8166.8922
511.2879 2673.0755
8127.9977 1087.2737
1445.2884 939.8804
4672.7745 2251.3915
5486.3406 491.5499
8941.0957 2865.4725
7478.3584 2379.5890
8823.2757 2628.5778
5022.1930 7216.3476
5903.5815 134.5886
4146.3473 7007.8090
4219.1980 4891.6739
5560.0926 9080.6979
372.6212 6221.9913
6734.6499 1805.1332
8783.1805 7946.9605
2528.8046 1237.8957
365.3533 5468.5177
1108.5338 6297.6928
8985.9807 3624.3439
2505.9131 7632.6400
7679.4501 9525.1363
4320.7905 1951.5072
5789.3634 4474.5679
2789.4027 9264.0978
8957.1606 3027.6621
7727.3234 5212.4660
6192.6255 5260.8849
6699.8302 4473.5031
2138.1478 407.3356
7180.9815 4074.7479
8078.0739 6152.9966
5433.3993 7389.1067
2246.4319 8095.0792
7373.9535 560.5013
8550.7626 8131.0794
9786.2518 3161.2834
2956.7529 8877.2422
9899.0343 3993.5867
8467.8077 3607.7016
7570.2864 1120.6164
2885.6639 7660.6482
7100.0742 2450.2019
8352.5888 7775.4535
5040.8193 9491.7664
8052.6700 404.7560
6281.9282 2269.1989
3389.1511 8688.0943
3156.3968 7795.9380
4456.7211 478.7484
1350.2115 8004.9057
7692.1199 6583.0332
1991.0747 5574.7606
7213.3761 9201.3588
1451.1803 7705.2648
547.4411 5452.9571
9119.4761 8568.3885
5197.9469 9821.2504
8682.0441 898.1027
9819.2569 2374.4134
294.9391 5980.6418
2639.9378 6695.7602
9442.0275 9168.3418
218.2357 2601.1672
3241.0687 4963.9924
1614.0891 3925.8182
6494.4901 1708.9655
6626.6615 930.1381
7877.0040 957.2126
1873.3424 204.8580
1310.4202 728.5527
5175.5990 2347.7348
8796.7145 5008.4971
6969.0351 9139.5263
8763.6099 4098.1908
7269.4477 7464.3960
8322.6359 1716.8713
8103.6405 6800.0097
8747.8311 5120.5819
4253.1954 745.1531
953.9604 3924.6979
9661.3628 757.7865
1786.3179 1804.1540
2917.6834 2044.0255
2529.8923 2794.0951
2861.9023 7368.6174
8203.8734 524.9883
4538.1993 4450.0607
9928.1821 4400.0779
6482.7015 6558.5898
2931.9093 1459.3779
2641.7054 3952.8339
9619.2511 6473.2364
6094.9849 5871.0246
516.7337 5669.8278
7198.0171 8935.2167
5896.2198 1424.7604
5758.9063 8032.0595
7401.3981 6227.3107
5430.2470 1.2294
2101.1518 4286.6295
8623.1134 8792.7247
1051.4163 8252.5895
1939.8196 3146.7889
667.8262 6699.7718
5374.0454 4305.3158
7994.6683 5259.4196
3341.3782 1781.1640
301.3500 583.0123
1980.2736 9791.8849
5345.8005 1682.4444
5102.8886 5606.9526
1114.9257 7615.6187
677.1986 3762.6555
2885.4367 3972.5949
786.2576 6866.3904
1044.0827 3166.2582
637.4176 4542.1791
5264.5102 5142.8067
6383.7756 6961.8050
9358.6884 5801.1776
7272.0701 8361.0416
6404.0300 146.8674
4945.6976 8958.0303
5593.0488 6004.4215
1608.4820 770.9355
660.5956 1974.2064
9194.2735 3974.5885
4714.4145 242.8959
3689.4120 5640.9073
7827.9710 843.4384
2319.5420 1975.4569
1850.2001 9009.0961
6439.2189 8492.5959
1545.0289 1377.4764
9652.1993 9964.2297
2394.2330 9974.3062
8942.2613 3432.2710
3180.3822 5143.0220
6408.8555 3092.4875
5812.3441 9885.0853
578.8383 5437.4879
5764.0102 8437.2506
9204.9912 6689.1882
3967.6106 1335.8530
9963.9895 2256.1657
5036.1966 7704.4994
1530.9267 9718.8903
7285.5631 3050.3847
5134.4633 2675.9089
7184.0877 7465.7746
5886.1169 2676.6210
4579.6753 4805.0320
3929.1647 421.3778
5336.1859 8143.8869
7767.0827 5427.2038
4857.4401 626.4783
6008.3996 5437.5238
9385.0901 3667.0300
9204.2945 2996.8554
1927.3519 6396.8423
457.2245 6816.5021
6208.7968 1233.6147
2043.3164 9824.8667
5127.1030 498.9450
5418.2148 4126.0736
9860.8708 8121.1694
3665.5271 5483.1782
1993.3092 8634.5486
8698.9647 6397.3073
3799.8033 2922.1206
343.7270 7371.6637
1193.0765 6448.3809
799.6318 529.3985
9727.8649 1089.2661
5927.9477 8396.9354
6537.7205 6090.7602
4305.8370 3369.4130
109.7697 7173.7535
6056.7718 142.4803
5398.9507 5351.6303
6092.2347 4224.7708
3941.4596 8638.3744
589.4792 4537.9446
7347.8360 498.8188
1282.0625 7066.2814
7839.3259 8628.9910
9454.3314 9535.3724
1336.8579 6453.3327
407.9866 4179.5434
7020.1753 7586.9029
9608.3046 6800.2199
2245.3688 434.5008
3719.5538 5522.5208
3242.2568 6084.9698
3303.5876 1924.9473
108.7656 7707.7795
9082.5601 547.1087
9277.6611 3770.3014
356.1516 173.0102
7851.6920 568.0306
2415.6537 1742.5006
1986.4026 1796.3273
9611.7122 3261.0575
5845.5801 4191.0854
2109.4802 1658.1702
8562.5012 8627.0589
7304.3874 5187.1491
4110.8488 5486.4084
1373.6840 7664.2795
3022.3717 1596.3566
2503.3708 7612.8077
5484.0632 3583.6706
4957.0805 1207.3273
2505.8356 9105.0144
2342.9289 7806.7164
5570.3765 3086.0482
9186.3070 818.8472
5460.0678 838.4739
2231.0368 4657.8729
7801.5604 3723.0563
6768.2707 634.9725
6276.7907 5887.9812
8731.9633 766.0148
4419.9399 2535.7310
301.7000 8684.6763
3453.0271 1157.9980
5318.1191 1117.1297
6708.5433 7226.9733
943.1174 1704.5005
845.7254 4942.6819
3686.4812 1351.8569
287.7806 1809.8669
1172.5421 5737.5887
4090.5696 3054.2432
5834.9024 1134.6010
3798.9634 8186.7810
3104.2372 4274.8304
6755.2871 7385.9980
4593.6241 631.1643
1794.9766 9792.0735
6287.8136 8195.9342
3297.7632 9292.9232
2807.2989 602.7118
5158.4182 5931.2023
1445.0021 4268.2397
8399.2821 2672.5302
3862.8415 9123.8823
4867.5150 7949.0641
9087.4076 1461.0805
4743.1982 4128.8689
8758.4139 432.8578
7430.1308 860.3668
4460.5574 6833.5123
3809.3577 102.4724
7408.8635 3921.2028
2806.1774 6574.8503
2759.5546 5253.2170
6754.5768 3349.0584
4382.9229 3771.2870
8138.7411 7350.1704
1061.6528 9704.3969
4949.4957 3649.7971
1767.4841 2249.1032
3114.2377 605.2546
5921.0594 1442.4698
2242.1134 135.9588
4354.2617 2160.2938
5271.9093 8726.9452
8071.2854 1753.3795
3518.3217 5110.7546
4844.1561 6477.1965
6082.9723 2.7392
8180.3498 9575.3309
6629.7481 1751.1813
9264.6286 5644.7249
1119.7336 9312.4420
104.1545 1740.7677
7259.2220 572.6839
5295.4022 5572.8930
134.9830 9711.5427
583.3391 5096.3982
8794.1730 2039.4484
8697.7999 1823.7984
5371.9780 8539.1263
6828.9306 2259.0880
1778.2784 5203.1359
5543.0340 8000.8761
8925.3314 4183.1340
5942.1000 5265.4284
11.6698 4752.8736
434.7567 8848.2350
2473.1145 2135.7857
2613.3355 3872.7945
2870.0107 1359.3099
3421.1872 1067.8902
5200.4883 1471.9749
4046.3512 7769.7043
5912.7612 2695.5536
792.1252 7362.7026
8235.1770 5383.4507
3552.0353 4453.2923
4350.9356 5017.8016
7456.1665 1712.8400
6415.0925 1901.5976
6757.7580 7031.7110
6444.6744 7688.4737
1093.4290 6393.5709
708.4276 3441.6274
6877.3464 8709.2700
6400.9344 5524.6645
779.1055 3742.2035
7106.5242 6300.9937
7987.0425 3212.1280
8841.6165 6354.7243
5273.1540 8181.9825
309.8356 3744.8432
7752.7530 2912.3483
9412.4370 3665.7833
8671.4373 6510.7569
3027.2897 8811.3156
3553.9085 8908.1319
8602.8631 6725.0309
3613.6261 6962.2319
4209.3693 5469.5042
8449.2380 9818.0390
8347.4156 3057.5605
4743.1778 47.6130
2035.2203 9262.8908
5929.7788 8547.0127
3478.6596 663.5967
7614.7010 6685.4616
9974.1002 1071.0660
4904.4262 8782.0165
2602.1914 9857.9136
744.0228 1627.5697
6741.4812 122.5487
8863.3438 5475.1007
5463.9338 7114.2572
996.2665 2688.6669
3470.1182 4891.5165
5664.5395 6071.7034
6380.0552 5797.5875
5007.2561 8787.7743
3916.3953 3011.2596
6888.9241 1742.0086
5799.8222 1166.9475
1833.5574 2309.0154
6022.2624 3837.1714
8209.1651 373.1655
4571.6991 9531.7776
4526.4705 3789.6977
5653.0775 9792.0866
4717.6441 5580.1845
7983.0084 3944.4820
825.2836 9443.4779
5831.6616 5126.7818
7658.8362 8493.3238
9143.4612 1312.0652
5665.1025 4526.4217
7288.8838 3228.4491
1511.4189 1579.7767
3782.8742 8309.6464
694.5688 8053.7727
8651.0879 6109.9552
2865.4251 6257.4742
1033.3823 5978.6670
8498.7770 6875.2403
7084.6701 2212.7003
5039.7540 8558.8129
7266.4622 5392.6031
1722.7045 9616.6220
2718.1243 1155.8876
4885.3487 9602.1236
2555.0763 9272.9955
9790.4673 3495.5707
2661.8655 6565.0161
719.3568 128.6905
